<?xml version="1.0"?>
<opencv_storage>
<calibration_time>"Wed Feb 21 14:44:05 2018"</calibration_time>
<nr_of_frames>25</nr_of_frames>
<image_width>640</image_width>
<image_height>480</image_height>
<board_width>6</board_width>
<board_height>7</board_height>
<square_size>30.</square_size>
<fix_aspect_ratio>1.</fix_aspect_ratio>
<!-- flags: +fix_aspectRatio +fix_principal_point +zero_tangent_dist +fix_k4 +fix_k5 -->
<flags>6158</flags>
<fisheye_model>0</fisheye_model>
<camera_matrix type_id="opencv-matrix">
  <rows>3</rows>
  <cols>3</cols>
  <dt>d</dt>
  <data>
    3.8868954355387081e+02 0. 320. 0. 3.8868954355387081e+02 240. 0. 0.
    1.</data></camera_matrix>
<distortion_coefficients type_id="opencv-matrix">
  <rows>5</rows>
  <cols>1</cols>
  <dt>d</dt>
  <data>
    3.7312820114036860e-01 -1.9167795707880380e+00 0. 0.
    1.3260086743729347e+00</data></distortion_coefficients>
<avg_reprojection_error>4.7318869270602297e+00</avg_reprojection_error>
<per_view_reprojection_errors type_id="opencv-matrix">
  <rows>25</rows>
  <cols>1</cols>
  <dt>f</dt>
  <data>
    4.07860661e+00 5.74569464e+00 5.40323877e+00 5.77257919e+00
    5.91145754e+00 5.84992027e+00 4.39208031e+00 4.98216772e+00
    4.27332067e+00 4.91602039e+00 5.13179922e+00 4.87798452e+00
    5.24881077e+00 5.52556133e+00 5.06490850e+00 5.00586939e+00
    4.61173916e+00 5.03010893e+00 4.87121391e+00 5.49773121e+00
    5.04457521e+00 1.33047223e+00 1.37402833e+00 1.32311535e+00
    1.26135504e+00</data></per_view_reprojection_errors>
<!-- a set of 6-tuples (rotation vector + translation vector) for each view -->
<extrinsic_parameters type_id="opencv-matrix">
  <rows>25</rows>
  <cols>6</cols>
  <dt>d</dt>
  <data>
    2.2956627196228047e-01 -1.0278712900867416e-01
    1.4987816218872092e-02 -3.6916918237389041e+02
    4.9925193511407184e+02 1.7170766245682319e+03
    -6.4771355714820222e-01 9.1878805749500281e-01
    -5.4586405317363799e-02 5.9543151564470725e+02
    2.9677815508655624e+02 1.7651221301402179e+03
    -5.1441406640089793e-01 1.0537871734851025e+00
    -7.6814734065038526e-02 5.5947865321058589e+02
    2.2897303299551882e+02 1.6935256719850502e+03 1.5686496746090678e-01
    9.6702559363848162e-01 -1.5852830213582543e+00
    6.4996971207339539e+02 2.3752027800178413e+02 1.2781463441398926e+03
    -9.6064907127798271e-01 -4.4798704530288608e-01
    -1.1154063013165760e+00 5.5583050162781524e+02
    1.9566229762341013e+02 1.0837064195446944e+03
    -9.0507589770996444e-01 -5.1082187858461903e-01
    -1.0998642360277537e+00 5.3142518750237718e+02
    2.0064287331174330e+02 1.0468815201440550e+03 3.0032852220410494e-01
    1.2769828834378250e+00 -1.5882060173044366e+00
    4.9573433895752595e+02 1.1522417503229215e+02 8.6753356313231598e+02
    3.3618748633763007e-01 1.3458499765542249e+00
    -1.6095499682489398e+00 5.2171168388900242e+02
    8.4293404811546921e+01 8.5593105604388825e+02
    -1.1587841046683300e+00 -3.5682841307218099e-01
    -9.2606444909548546e-01 4.7978240855992084e+02
    7.3483475800088854e+01 7.8332536963489326e+02 3.0229777650441170e-01
    1.3277229902476246e+00 -1.6235976049031096e+00
    5.3341596872428215e+02 8.1602994700081254e+01 8.5355850500917245e+02
    2.9528979916917530e-01 1.3464946336208883e+00
    -1.6178090753322716e+00 5.5627220000180341e+02
    8.2241681276447011e+01 8.7647600752584606e+02 2.5636574523537337e-01
    1.2738919034859484e+00 -1.6255640384137517e+00
    5.4417751319040565e+02 8.6603857068784606e+01 8.6529964332013958e+02
    2.7894730925912026e-01 1.3280793235066708e+00
    -1.6132154797969820e+00 5.4287522370806687e+02
    8.1520808812400972e+01 8.6662098190937957e+02 3.9260637482417099e-01
    1.2948498088811080e+00 -1.6233257752086021e+00
    5.0266384038212266e+02 1.0811295736635549e+02 8.6996894519759792e+02
    3.5618622609738254e-01 1.2766949064948767e+00
    -1.5922221272281643e+00 4.8467819209409214e+02
    1.0543092108722212e+02 8.4995341088715020e+02 3.6830229966541905e-01
    1.3242906605204894e+00 -1.6003777792842178e+00
    5.0459195592232214e+02 1.0224605693662812e+02 8.5991582972849324e+02
    3.0884149751523360e-01 1.3292990373061406e+00
    -1.6102857469796996e+00 4.9894515007991390e+02
    1.1504368459102555e+02 8.5669228158200542e+02 3.6033504216109991e-01
    5.0187574574270577e-01 -1.5514702595182344e+00
    4.7745797665333799e+02 2.9179139227448246e+02 1.9386496390212167e+03
    1.7817218950576613e-01 1.9626501685861145e-01
    -1.5225440027708543e+00 4.1684698330748972e+02
    3.1569185433835884e+02 1.8292418482136350e+03 2.1077519351900270e-01
    3.5705698565361088e-01 -1.5455238397997961e+00
    4.2929920566953103e+02 3.0530807462524257e+02 1.8923480558994434e+03
    2.2147576325953611e-01 4.0903816092897632e-01
    -1.5569684283914897e+00 4.3460447881403593e+02
    2.9974953065047532e+02 1.9139624470943199e+03
    -1.6152354125550325e-01 -9.3293986662065218e-02
    1.5153211015640469e+00 1.5554983551704953e+02
    -1.0810543398851665e+02 3.6090899318499919e+02
    -1.5912149448162682e-01 -9.7709269742453517e-02
    1.5200452978307775e+00 1.5737996814292191e+02
    -1.0545850696256444e+02 3.6004154242394208e+02
    -1.5676977286411364e-01 -9.3335764209226679e-02
    1.5215727135813053e+00 1.5853630151158541e+02
    -1.0482755474556377e+02 3.6015014172598944e+02
    -2.7073861152835582e-01 7.1627761536237303e-02
    3.0906970331549695e+00 1.4630340151266736e+02 7.7981833707211095e+01
    3.4993226075008317e+02</data></extrinsic_parameters>
