<?xml version="1.0"?>
<opencv_storage>
<calibration_time>"Wed Feb 21 14:58:13 2018"</calibration_time>
<nr_of_frames>25</nr_of_frames>
<image_width>640</image_width>
<image_height>480</image_height>
<board_width>6</board_width>
<board_height>7</board_height>
<square_size>30.</square_size>
<fix_aspect_ratio>1.</fix_aspect_ratio>
<!-- flags: +fix_aspectRatio +fix_principal_point +zero_tangent_dist +fix_k4 +fix_k5 -->
<flags>6158</flags>
<fisheye_model>0</fisheye_model>
<camera_matrix type_id="opencv-matrix">
  <rows>3</rows>
  <cols>3</cols>
  <dt>d</dt>
  <data>
    5.7272016729141114e+02 0. 320. 0. 5.7272016729141114e+02 240. 0. 0.
    1.</data></camera_matrix>
<distortion_coefficients type_id="opencv-matrix">
  <rows>5</rows>
  <cols>1</cols>
  <dt>d</dt>
  <data>
    -3.4339529871965391e-01 2.2993385066581731e-01 0. 0.
    -2.2423152215728925e-01</data></distortion_coefficients>
<avg_reprojection_error>5.1245470505465984e-01</avg_reprojection_error>
<per_view_reprojection_errors type_id="opencv-matrix">
  <rows>25</rows>
  <cols>1</cols>
  <dt>f</dt>
  <data>
    4.70938325e-01 3.83680165e-01 4.35893118e-01 4.19096231e-01
    6.20660663e-01 7.45403826e-01 4.80943441e-01 5.05966663e-01
    4.57483858e-01 4.27081227e-01 4.01633769e-01 9.31943059e-01
    5.60187340e-01 4.57357854e-01 3.52191269e-01 4.77100968e-01
    5.55163443e-01 6.25683367e-01 5.91886401e-01 5.08838773e-01
    4.54131782e-01 4.92780894e-01 3.77644658e-01 3.32957238e-01
    3.07908565e-01</data></per_view_reprojection_errors>
<!-- a set of 6-tuples (rotation vector + translation vector) for each view -->
<extrinsic_parameters type_id="opencv-matrix">
  <rows>25</rows>
  <cols>6</cols>
  <dt>d</dt>
  <data>
    6.1024931928810777e-01 8.3921130965274082e-01 1.6281115288716563e+00
    2.2848750955132252e+02 -1.3973664117770693e+02
    4.1411569554925148e+02 6.3588415696298839e-01 8.0854998664556221e-01
    1.5797853710428760e+00 1.1422659928814075e+02
    -1.2599555798630627e+02 4.1087068627187165e+02
    6.5361061392673248e-01 7.5527614245913932e-01 1.5653874210121184e+00
    6.6405086592673243e+01 -1.2108689200179644e+02
    4.0561408881593536e+02 6.6283646834917986e-01 7.4060313555937674e-01
    1.5514416002923788e+00 3.4294912164301522e+01
    -1.0293313482029660e+02 3.9729928284088396e+02
    6.8079291089078353e-01 6.7933472053158028e-01 1.5544370587464245e+00
    2.6718630186425266e+01 -7.9403246520242973e+01
    4.0639118575092937e+02 8.6530370415132307e-01 3.6147593668395811e-01
    1.5220197840026193e+00 5.2220398286408148e+01
    -1.0689519522623549e+02 4.0718613653382675e+02
    1.0546310930282676e+00 2.4231210992570465e-01 1.3951124283378795e+00
    7.7052977365217814e+01 -1.2539365885683723e+02
    4.2388166692254634e+02 1.1616874079202146e+00 1.0184429711520500e-01
    1.3049699091897835e+00 9.6213378326773125e+01
    -1.3313553925889366e+02 4.2807694854054375e+02
    1.2177298130062215e+00 -1.3613558932231126e-01
    1.2219574192682030e+00 1.1087956149099868e+02
    -1.3379654835730892e+02 4.1040081076762544e+02
    1.2498560530077889e+00 -2.9306228035456527e-01
    1.1009379540265367e+00 1.0897246225967378e+02
    -1.3530526135819133e+02 4.1348311989715791e+02
    1.0963736839096292e+00 -1.4610119024475401e-01
    1.0504794581308763e+00 1.1994845148407903e+02
    -7.9475897114044571e+01 4.2062690336826137e+02
    8.1502252119871643e-01 3.2801453816685988e-01 1.1640548009601981e+00
    1.3346218187000767e+02 -2.7523497768709287e+01
    3.8157082067033650e+02 -9.5373927898372263e-02
    -4.0030300145689968e-01 1.4150480639895031e+00
    3.2635009416449753e+02 4.5531593009161234e+01 6.2930029130499167e+02
    -1.8364286779225350e-01 -4.4999430587243422e-01
    1.4369539912287332e+00 9.3904959410707718e+01
    -9.3954216489410880e-02 6.5076814827914848e+02
    -2.4051809414613534e-01 -5.1669345143948786e-01
    1.3736459006649830e+00 3.3392508982991188e+01
    -1.6872179579904421e+00 6.5723756495541318e+02
    -2.4044293018973834e-01 -5.4079741899606160e-01
    1.3982482763543316e+00 3.6686712429164410e+00
    -1.0593024062914318e+00 6.5132560746739091e+02
    -2.6001258037960751e-01 -5.4876851687730310e-01
    1.4445855903799303e+00 -3.0047462267411262e+01
    -6.2047495901904677e+00 6.3885299051960351e+02
    -3.3291780320055930e-01 -5.6838076634438106e-01
    1.4939143503194314e+00 -8.0925771636277730e+01
    -2.3832057857956372e+01 5.9172619450905495e+02
    -3.3816739820938341e-01 -5.9151994777452610e-01
    1.4974630444828714e+00 -9.2810055636154672e+01
    -3.7948383269068366e+01 5.6844499927843469e+02
    -2.5500285864357969e-01 -6.3863120513733640e-01
    1.4929924621098010e+00 -9.3815845693326352e+01
    -5.3681601859408147e+01 5.5347036504436790e+02
    1.2440346826997264e-02 -7.3090000217348727e-01
    1.4906637783641219e+00 -6.1791979838037904e+01
    -8.1567588900209515e+01 5.4858064516135505e+02
    1.0701497164136912e-01 -8.3328601844119621e-01
    1.4975257320062227e+00 -3.7630248103480326e+01
    -8.7994972087443642e+01 5.3810526724644103e+02
    6.8739575101067402e-02 -9.6177676747216934e-01
    1.5037519119241389e+00 -3.6301177497359234e+01
    -8.8128139365499749e+01 5.2632229940694799e+02
    1.1587019013722323e-01 -1.0653850599632082e+00
    1.4733687262308433e+00 -4.2480834909345795e+01
    -8.2322309355413239e+01 5.3636057386135678e+02
    1.6405199316858637e-01 -1.1434122607968253e+00
    1.4818686207701719e+00 -3.5542174827498187e+01
    -7.7798712609227550e+01 5.3371390664333182e+02</data></extrinsic_parameters>
