<?xml version="1.0"?>
<opencv_storage>
<calibration_time>"Tue Nov  7 18:29:10 2017"</calibration_time>
<nr_of_frames>25</nr_of_frames>
<image_width>640</image_width>
<image_height>480</image_height>
<board_width>6</board_width>
<board_height>7</board_height>
<square_size>30.</square_size>
<fix_aspect_ratio>1.</fix_aspect_ratio>
<!-- flags: +fix_aspectRatio +fix_principal_point +zero_tangent_dist +fix_k4 +fix_k5 -->
<flags>6158</flags>
<fisheye_model>0</fisheye_model>
<camera_matrix type_id="opencv-matrix">
  <rows>3</rows>
  <cols>3</cols>
  <dt>d</dt>
  <data>
    4.9154366351462812e+02 0. 320. 0. 4.9154366351462812e+02 240. 0. 0.
    1.</data></camera_matrix>
<distortion_coefficients type_id="opencv-matrix">
  <rows>5</rows>
  <cols>1</cols>
  <dt>d</dt>
  <data>
    -4.7880348036262210e-01 3.5758858816109457e-01 0. 0.
    -1.6794380690482974e-01</data></distortion_coefficients>
<avg_reprojection_error>1.5892802866247018e+00</avg_reprojection_error>
<per_view_reprojection_errors type_id="opencv-matrix">
  <rows>25</rows>
  <cols>1</cols>
  <dt>f</dt>
  <data>
    3.02138615e+00 1.54342508e+00 7.29881287e-01 7.90539086e-01
    1.13941097e+00 8.39810550e-01 1.05886149e+00 1.45558131e+00
    1.41066420e+00 1.55466735e+00 1.06685543e+00 9.30482686e-01
    2.10482860e+00 1.26866949e+00 1.31382883e+00 2.16931391e+00
    1.89301038e+00 2.09655428e+00 1.80888891e+00 1.65625548e+00
    1.10829389e+00 1.10175920e+00 9.09123957e-01 1.21776521e+00
    2.75761938e+00</data></per_view_reprojection_errors>
<!-- a set of 6-tuples (rotation vector + translation vector) for each view -->
<extrinsic_parameters type_id="opencv-matrix">
  <rows>25</rows>
  <cols>6</cols>
  <dt>d</dt>
  <data>
    -1.6553880709280901e-02 -1.7965862265403232e-01
    1.1812224694003377e+00 9.1335156498870376e+01
    -9.3810477652255926e+01 2.3587705194223165e+02
    -1.5690759983647784e-01 4.0022081103918744e-01
    -9.1530184572074895e-03 -6.0205305953215642e+01
    -8.2492238147549017e+01 3.3313046820524664e+02
    -2.5142417604331346e-01 -8.4205635939602330e-01
    1.2783110851616619e-01 -3.7617258496388899e+01
    -9.7154121783093188e+01 3.0895425240337204e+02
    -2.4152887432831885e-01 -9.2092709125047378e-01
    1.4810373197085905e-01 -3.6594752948437900e+01
    -9.7168857496284446e+01 3.0833676945918648e+02
    -6.8028938112202619e-01 -5.3183346067467063e-01
    4.6770058372164698e-02 -4.6482412179858230e+01
    -9.8025541765826887e+01 3.0484647404424481e+02
    -7.6322388526276852e-01 -5.4644596020186242e-01
    3.3592335806318985e-02 -4.9337241012626329e+01
    -9.0545492381266115e+01 3.1564926425511430e+02
    -6.5593182559733476e-01 -5.0737780238358732e-01
    5.0102652098932277e-04 -4.6019531029755441e+01
    -1.0124458732035669e+02 3.1772666980419183e+02
    -3.5130818186171542e-01 -1.8083934352990941e-01
    1.1271581107327172e-02 -3.0885335340316267e+01
    -1.2009854764985678e+02 2.7112274370926281e+02
    -4.1355920140580033e-01 -2.1995100488790575e-01
    1.2569098080859757e-02 -3.1091702044493992e+01
    -1.1632324936917078e+02 2.7534791469855082e+02
    -4.5216670971066580e-01 -2.4396646595580132e-01
    1.7559952045174555e-02 -2.7830610671690845e+01
    -1.1475153997524120e+02 2.7156980535015140e+02
    -4.8118017669291641e-01 -5.0643587013303681e-01
    9.6445197038217551e-02 -2.0180068328502788e+01
    -1.2191423653951534e+02 2.7287858810265737e+02
    -3.6802641681426262e-01 -8.4541903952403652e-01
    1.8523240185047815e-01 -2.9754130608270582e+01
    -1.2110571367556567e+02 2.8554112816314057e+02
    -2.9390721244356149e-01 -1.7808551109424464e-01
    8.0119625120948570e-02 -5.4222107072440039e+01
    -1.1507953815403596e+02 2.6946458880304482e+02
    9.6284533858035440e-02 -2.8048361849334863e-01
    2.9590608783276375e-02 -3.7137100135990138e+01
    -1.0900772796243213e+02 2.7445551379226794e+02
    2.4000344937630066e-01 -2.3640856826292039e-01
    2.0339838776456984e-02 -2.3254566522813313e+01
    -1.0433977007296677e+02 2.8259179758625720e+02
    4.4730145418497839e-02 9.0110090896935169e-02 3.9392149116261245e-02
    -8.3340099866916105e+01 -7.7150870582595985e+01
    2.9691014302606180e+02 -2.0624607682740473e-01
    -3.9447059235801102e-01 -2.7352523390260834e-02
    -1.6910064087561761e+02 -2.4465427244470394e+01
    3.2491424676255895e+02 -2.1126198981927710e-01
    -4.0705202455693068e-01 -1.1878326828692677e-02
    -1.7356088634442011e+02 -2.3383688651003848e+01
    3.1660840543009601e+02 -2.1976615018028817e-01
    -1.8421222885964991e-01 -1.2405739395022691e-01
    -1.8129135132840005e+02 -2.2725787917570514e+01
    3.2260940700895526e+02 -2.0237252445645731e-01
    4.8428081173546092e-02 -1.2736739323020269e-01
    -1.8076078881452116e+02 -2.1837596356063592e+01
    3.3004786718538350e+02 -2.2125804977723670e-01
    9.8447347487675696e-02 -1.0050321608568240e-01
    -1.8055565623716305e+02 -2.3616454665166462e+01
    3.2923963402767743e+02 -2.6141462318147901e-01
    1.3843980935898104e-01 -1.0928200796022414e-01
    -1.8388775336293901e+02 -2.5933586731194719e+01
    3.2398388453097459e+02 -2.9270244908727017e-01
    2.6280991973330453e-01 -1.2817067087256437e-01
    -1.8870821295413140e+02 -3.0003719228797003e+01
    3.2467391025458971e+02 -2.1857894108369688e-01
    1.8276419920981557e-01 -1.2354189043561795e-01
    -1.7623309826886873e+02 -3.0556606632529515e+01
    3.1874120350446083e+02 -1.0970464196264391e+00
    4.6079091233631808e-01 2.8476099869943789e+00 1.6342771180263114e+01
    1.3006166878388780e+02 3.2993075249897157e+02</data></extrinsic_parameters>
