<?xml version="1.0"?>
<opencv_storage>
<calibration_time>"Tue May 15 18:54:23 2018"</calibration_time>
<nr_of_frames>25</nr_of_frames>
<image_width>640</image_width>
<image_height>480</image_height>
<board_width>6</board_width>
<board_height>7</board_height>
<square_size>30.</square_size>
<fix_aspect_ratio>1.</fix_aspect_ratio>
<!-- flags: +fix_aspectRatio +fix_principal_point +zero_tangent_dist +fix_k4 +fix_k5 -->
<flags>6158</flags>
<fisheye_model>0</fisheye_model>
<camera_matrix type_id="opencv-matrix">
  <rows>3</rows>
  <cols>3</cols>
  <dt>d</dt>
  <data>
    5.6656804878305752e+02 0. 320. 0. 5.6656804878305752e+02 240. 0. 0.
    1.</data></camera_matrix>
<distortion_coefficients type_id="opencv-matrix">
  <rows>5</rows>
  <cols>1</cols>
  <dt>d</dt>
  <data>
    -3.7722295612170725e-01 2.1061552346800669e-01 0. 0.
    -4.7146118662577272e-02</data></distortion_coefficients>
<avg_reprojection_error>5.0132105342604993e-01</avg_reprojection_error>
<per_view_reprojection_errors type_id="opencv-matrix">
  <rows>25</rows>
  <cols>1</cols>
  <dt>f</dt>
  <data>
    3.28631043e-01 5.69100142e-01 5.03281534e-01 4.51044887e-01
    4.56717998e-01 5.04470408e-01 5.77238619e-01 5.89924395e-01
    8.11258554e-01 2.45080650e-01 2.95783192e-01 2.94463664e-01
    3.41756940e-01 3.02293956e-01 2.22671807e-01 2.21277371e-01
    4.48508441e-01 6.95621073e-01 6.08185291e-01 3.97862881e-01
    5.05849898e-01 7.59331226e-01 5.54983020e-01 5.51736295e-01
    6.26832247e-01</data></per_view_reprojection_errors>
<!-- a set of 6-tuples (rotation vector + translation vector) for each view -->
<extrinsic_parameters type_id="opencv-matrix">
  <rows>25</rows>
  <cols>6</cols>
  <dt>d</dt>
  <data>
    -9.9241428430319259e-02 -2.0064251738916436e-01
    -1.5847025813984117e+00 -1.3110614762529934e+02
    1.1233585344123937e+02 5.7959510162662332e+02
    -3.5063838368761946e-01 -8.5314757387829829e-02
    -1.6751323742348230e+00 1.9346489234950019e+02
    1.7001426405145995e+02 7.1755222274627249e+02
    -3.6121919485255327e-01 9.2875634798401982e-02
    -1.5864841507403200e+00 2.2105229925422225e+02
    9.1612922827009768e+01 7.4120548173668908e+02
    -3.6966771024418382e-01 8.3615999992932306e-03
    -1.5908424049849546e+00 2.3196124081745555e+02
    1.0644739865268362e+02 7.2582483129423963e+02
    -3.9106079488786627e-01 1.7595613131898693e-02
    -1.5906110579701960e+00 2.1298682898216040e+02
    1.1836831097144238e+02 7.3077097045513756e+02
    -4.0358855408913591e-01 2.2208205674920389e-02
    -1.5958475327410870e+00 2.0945248827539785e+02
    1.3220340625076426e+02 7.3112932099077466e+02
    -4.0049860069170273e-01 1.1963219586945727e-02
    -1.5988200219853228e+00 1.6900743839589759e+02
    1.5161274048659439e+02 7.4477070500781690e+02
    -4.0244778140549436e-01 1.0544470070635653e-03
    -1.5935562994884280e+00 1.5101094953262873e+02
    1.5573164470940296e+02 7.4808367454114068e+02
    -2.5424302564843593e-01 -8.8688573838273610e-02
    -1.4673856576686954e+00 -7.1854520188553593e+01
    1.7316205215030095e+02 5.6624611246810900e+02
    -2.3103856689264568e-01 -2.4506625277481994e-01
    -1.5878245780361513e+00 -1.8820458620094720e+02
    1.1584027266314580e+02 6.2868128557269620e+02
    -2.2597046609235616e-01 -2.4808142851402867e-01
    -1.5553433615248515e+00 -1.9016735412979830e+02
    1.4464034479789598e+02 6.3975881976467940e+02
    -2.7430940516783758e-01 -2.6398779149309648e-01
    -1.5491459423873086e+00 -1.7219115297267356e+02
    1.7532619074967931e+02 6.5256445184112761e+02
    -3.2907509222111353e-01 -5.0149581694570122e-01
    -1.5042701958299811e+00 -1.9675139707532352e+02
    2.3574621542106212e+02 6.8830023821445832e+02
    -2.1585545054332855e-01 -3.8534789598996672e-01
    -1.4656900106384521e+00 -1.5194678526241611e+02
    1.6242784988032980e+02 7.3729991230287362e+02
    -2.1323522489343344e-01 -4.1285734565011833e-01
    -1.5466259127569750e+00 -2.6101049578541955e+02
    1.8075864259807088e+02 6.7836094129980336e+02
    -1.7866655679766122e-01 -4.1702841833465826e-01
    -1.5514012188391910e+00 -2.4739642609302589e+02
    1.7490365378223299e+02 6.7630079123442351e+02
    -3.0411990421819018e-01 -3.1544935454580708e-01
    -1.5285338527659424e+00 -1.6348924574445024e+02
    1.8252819254947767e+02 6.7911416900752658e+02
    -3.4348267491833012e-01 -2.9494330282383768e-01
    -1.5078062744914542e+00 -1.0370086615521825e+02
    2.2589151976405532e+02 6.8220337379818795e+02
    -2.8968897885590433e-01 -4.8317852068289208e-01
    -1.5357090148949379e+00 -3.7393355631495450e+02
    2.6961373695505677e+02 5.9141886661987166e+02
    -6.3639353230417847e-02 -5.0099445414002131e-01
    -1.6272995765921940e+00 -3.4622833080720795e+02
    6.3714044090107279e+01 5.8734892474585877e+02
    -1.7301177840444810e-03 -4.1312407415324431e-01
    -1.5985855011546857e+00 -2.6940658385065461e+02
    -7.2235480085303678e+01 6.1374073654819745e+02
    -2.8641193095328138e-01 -3.1027799449311205e-01
    -1.5295712269237862e+00 -1.2684835884971137e+02
    1.7492906944740903e+02 6.4134554531792685e+02
    -1.0384621566581752e-01 -1.3023277562166086e-01
    -1.5557273209016209e+00 1.5042593881651976e+02
    -1.2912584038609856e+02 6.1480020395675399e+02
    -1.8955171354527067e-01 -3.8979530636969484e-01
    -1.5281875538557899e+00 -1.3983509051686352e+02
    1.5102766080914517e+02 6.4564124053638602e+02
    -2.0190477992714459e-01 -3.6493253428575972e-01
    -1.5572889904401108e+00 -1.9471350006095344e+02
    1.2871728721891014e+02 6.1152305545021341e+02</data></extrinsic_parameters>
