<?xml version="1.0"?>
<opencv_storage>
<calibration_time>"Wed Feb 21 14:57:39 2018"</calibration_time>
<nr_of_frames>25</nr_of_frames>
<image_width>640</image_width>
<image_height>480</image_height>
<board_width>6</board_width>
<board_height>7</board_height>
<square_size>30.</square_size>
<fix_aspect_ratio>1.</fix_aspect_ratio>
<!-- flags: +fix_aspectRatio +fix_principal_point +zero_tangent_dist +fix_k4 +fix_k5 -->
<flags>6158</flags>
<fisheye_model>0</fisheye_model>
<camera_matrix type_id="opencv-matrix">
  <rows>3</rows>
  <cols>3</cols>
  <dt>d</dt>
  <data>
    6.1565289218492262e+02 0. 320. 0. 6.1565289218492262e+02 240. 0. 0.
    1.</data></camera_matrix>
<distortion_coefficients type_id="opencv-matrix">
  <rows>5</rows>
  <cols>1</cols>
  <dt>d</dt>
  <data>
    -6.0331544856028141e-01 1.1672720477458638e+00 0. 0.
    -1.9681907799403069e+00</data></distortion_coefficients>
<avg_reprojection_error>4.6510827510256436e-01</avg_reprojection_error>
<per_view_reprojection_errors type_id="opencv-matrix">
  <rows>25</rows>
  <cols>1</cols>
  <dt>f</dt>
  <data>
    8.09044480e-01 7.16571569e-01 5.71116567e-01 5.82561553e-01
    6.28117800e-01 5.68762183e-01 5.14199257e-01 4.55129057e-01
    3.24355036e-01 3.02918643e-01 2.99070925e-01 3.59019607e-01
    3.27881455e-01 2.96709836e-01 2.97636062e-01 2.95178890e-01
    2.82716990e-01 2.69024491e-01 2.88025171e-01 3.21954668e-01
    4.17071432e-01 4.76355970e-01 5.15217066e-01 5.50965965e-01
    5.38181961e-01</data></per_view_reprojection_errors>
<!-- a set of 6-tuples (rotation vector + translation vector) for each view -->
<extrinsic_parameters type_id="opencv-matrix">
  <rows>25</rows>
  <cols>6</cols>
  <dt>d</dt>
  <data>
    1.4736942091856223e-01 -2.0083746666963020e-01
    1.6290635422271709e+00 -3.7885081904001581e+01
    -1.1492507807325323e+02 4.7756979142512915e+02
    2.1447000199910118e-01 -1.6541798003581748e-01
    1.5839590292936299e+00 -4.4881080939949234e+00
    -5.9968984459841728e+01 4.9182245540983689e+02
    2.4082673746488892e-01 -1.4744587410692420e-01
    1.5591590410594129e+00 2.6539673127538041e+01
    -2.2356462486968908e+01 5.2808644951339295e+02
    2.5111422098901420e-01 -1.5129254847348000e-01
    1.5547344199792505e+00 3.1105941033002775e+01
    -1.5869563641318290e+01 5.3939879124371282e+02
    3.1385192244846083e-01 -1.9591094458029776e-01
    1.5424396206594193e+00 3.3287933074916168e+01
    -1.4447057844023803e+01 5.4882820956112482e+02
    4.1981152747667072e-01 -2.9965868888381825e-01
    1.5139902469561817e+00 2.7873602387123444e+01
    -3.2821437439846953e+01 5.4334707466117663e+02
    4.8924148896489278e-01 -3.7338144845198601e-01
    1.5054096843718441e+00 2.1916116557702914e+01
    -5.2097490408548872e+01 5.3157831181131940e+02
    5.5973780826462938e-01 -4.3853083791719133e-01
    1.5095432817111722e+00 1.4734943938496210e+01
    -7.2466315644668740e+01 5.1692703105312842e+02
    6.3967740724351896e-01 -5.0500786695272715e-01
    1.5094561050687016e+00 5.2220023627164975e+00
    -9.5359842721161087e+01 4.9363370591350707e+02
    6.6223520740121411e-01 -5.6214733801702599e-01
    1.4991901483172672e+00 -2.9122964600587387e+00
    -1.0018115654489318e+02 4.7561307554641951e+02
    6.9346995872698114e-01 -6.3241566077486178e-01
    1.4673203648432045e+00 -8.2853026596048274e+00
    -9.9663729725499167e+01 4.5737056081669908e+02
    7.1668357792829351e-01 -6.8949203579381269e-01
    1.4337338737083289e+00 -8.9446082928536477e+00
    -9.8095780761464610e+01 4.4524661526605888e+02
    8.2757142376393078e-01 -7.0041371657632401e-01
    1.4077696732261329e+00 3.1382548832504189e+00
    -1.2250157646450131e+02 4.5221385851690161e+02
    9.5124747269090704e-01 -6.6442346968771970e-01
    1.4025537556649086e+00 9.2562611394067247e+00
    -1.7325811169288315e+02 4.7280005887509230e+02
    8.8572000053495448e-01 -6.4709902061847246e-01
    1.4137101583260159e+00 8.5072142162621951e+00
    -1.6286034097167359e+02 4.6924053981317923e+02
    8.0918146119295276e-01 -6.2931099768982590e-01
    1.4117607181462581e+00 6.5383450070064812e+00
    -1.4533942467485039e+02 4.6249656988407241e+02
    7.4989304387039146e-01 -5.3075761868796967e-01
    1.3828050620551804e+00 -1.3894234053835479e+01
    -1.2311193594238392e+02 4.6076504800405900e+02
    7.1065769321467920e-01 -2.9734072653445953e-01
    1.3349678692417561e+00 -2.5901699596311612e+01
    -1.1591631020062214e+02 4.7902074721713882e+02
    6.9175461295771801e-01 -2.5828730751010337e-01
    1.3205328875488527e+00 -2.3672788718744211e+01
    -1.0538582132580640e+02 4.8213706809068458e+02
    6.8322037691192639e-01 -2.2990649690572643e-01
    1.3008753265510211e+00 -1.9453541669681936e+01
    -9.1523621982641856e+01 4.8133087728826678e+02
    6.8987750203623455e-01 -1.7451921778837554e-01
    1.2889663460157610e+00 -2.3519637059489725e+01
    -8.2767237920699245e+01 4.8311723042059157e+02
    7.0878782132874840e-01 -1.4886228510552688e-02
    1.2699062563492003e+00 -3.1023182254271113e+01
    -7.4276888182599833e+01 4.9268486858468441e+02
    7.1945583408021385e-01 4.3738492655414053e-02 1.2709964712941875e+00
    -3.2640735972862075e+01 -6.9133299554274700e+01
    4.9913323398808785e+02 7.4011521500335520e-01 8.8681689089930793e-02
    1.2752292997765584e+00 -3.3868335279485116e+01
    -7.2150311547841369e+01 5.0468997560004550e+02
    7.6287388323043226e-01 1.4620627190805374e-01 1.2801338287993449e+00
    -3.5106942835784203e+01 -8.1963557784873814e+01
    5.0941799329645977e+02</data></extrinsic_parameters>
