<?xml version="1.0"?>
<opencv_storage>
<calibration_time>"Mon Nov 13 21:51:46 2017"</calibration_time>
<nr_of_frames>25</nr_of_frames>
<image_width>640</image_width>
<image_height>480</image_height>
<board_width>6</board_width>
<board_height>7</board_height>
<square_size>30.</square_size>
<fix_aspect_ratio>1.</fix_aspect_ratio>
<!-- flags: +fix_aspectRatio +fix_principal_point +zero_tangent_dist +fix_k4 +fix_k5 -->
<flags>6158</flags>
<fisheye_model>0</fisheye_model>
<camera_matrix type_id="opencv-matrix">
  <rows>3</rows>
  <cols>3</cols>
  <dt>d</dt>
  <data>
    6.6924116295903059e+02 0. 320. 0. 6.6924116295903059e+02 240. 0. 0.
    1.</data></camera_matrix>
<distortion_coefficients type_id="opencv-matrix">
  <rows>5</rows>
  <cols>1</cols>
  <dt>d</dt>
  <data>
    -4.3243399536661653e-01 -2.2479027797595594e-01 0. 0.
    2.1969184714258101e+00</data></distortion_coefficients>
<avg_reprojection_error>1.2293204269644669e+00</avg_reprojection_error>
<per_view_reprojection_errors type_id="opencv-matrix">
  <rows>25</rows>
  <cols>1</cols>
  <dt>f</dt>
  <data>
    1.19619036e+00 1.31765354e+00 1.33333194e+00 1.13940513e+00
    9.07550812e-01 8.02481532e-01 8.71301353e-01 9.36490059e-01
    1.08513451e+00 1.19471812e+00 1.47269869e+00 1.02010262e+00
    1.01730263e+00 1.04735863e+00 1.05397785e+00 1.29137754e+00
    1.91306257e+00 2.69837356e+00 1.59555554e+00 1.23607397e+00
    1.20804691e+00 7.76309967e-01 5.10641515e-01 4.81100231e-01
    3.74369174e-01</data></per_view_reprojection_errors>
<!-- a set of 6-tuples (rotation vector + translation vector) for each view -->
<extrinsic_parameters type_id="opencv-matrix">
  <rows>25</rows>
  <cols>6</cols>
  <dt>d</dt>
  <data>
    1.2171833758769868e-01 -3.2156380311767940e-01
    1.2398219686218535e-01 -3.4697429512604018e+01
    -1.0593657110426044e+02 4.1048787637333663e+02
    2.0627201878600357e-02 -3.6710117150137284e-01
    1.1524059414445799e-01 -3.8438220834862719e+01
    -9.5531423941486608e+01 3.8283110880084382e+02
    2.1312558495082425e-02 -3.9093006110988027e-01
    1.1149797934579561e-01 -4.8308114536262217e+01
    -8.2584645467617548e+01 3.8752564005087413e+02
    6.1822715053445705e-03 -3.9197617667223372e-01
    1.1127807007543340e-01 -5.7356597817102447e+01
    -7.8398735744568356e+01 3.9663873586925394e+02
    -1.3729804709281156e-02 -4.0038832887112896e-01
    1.1097381396030805e-01 -6.6251146797304230e+01
    -7.7959854402267567e+01 4.0353394071520944e+02
    -3.6885799175335930e-02 -3.9630624528049141e-01
    1.0257787524889221e-01 -6.8064879495891205e+01
    -8.2321699518117796e+01 4.0248364979796440e+02
    -6.4919856599097103e-02 -4.0547173412868243e-01
    9.0185999665036834e-02 -6.4228861090592773e+01
    -8.2839434648312846e+01 3.9097501462393984e+02
    -1.0260052955606203e-01 -4.1183292871801480e-01
    7.3515416027132324e-02 -5.8104783941251775e+01
    -8.1574994536963217e+01 3.7674629420300403e+02
    -1.4804223723827301e-01 -4.0403543111474849e-01
    5.4592403027950938e-02 -4.9144776686424734e+01
    -8.4656549708759712e+01 3.5822156357813896e+02
    -1.7232894216810407e-01 -3.9332229685717696e-01
    4.8080850024634615e-02 -4.5105150595246442e+01
    -9.2240480053586950e+01 3.4872769827314590e+02
    -6.7694507543103353e-03 -4.2364770077244213e-01
    1.0976971341222563e-01 -4.9704848613030904e+01
    -9.3429271728475356e+01 3.3978795109791486e+02
    1.1089410208524318e-01 -4.0112106106698148e-01
    1.5999542414313048e-01 -6.4371773277363303e+01
    -8.6943640483026982e+01 3.7199499272191474e+02
    1.7320354093603366e-01 -3.8167728850418026e-01
    1.7300581571556739e-01 -6.9080440780926139e+01
    -8.9237521662542591e+01 3.8936260200316582e+02
    2.3871292120099286e-01 -3.6397482488842697e-01
    1.8187986337524320e-01 -7.2750412870533808e+01
    -9.4430094239433515e+01 4.0707550101696097e+02
    -1.6828685639288625e-02 6.1225886644623240e-01
    5.4340745976561744e-01 -6.6572216897459796e+01
    -1.4132827993791696e+02 4.4624368049282384e+02
    7.1686654136998804e-02 2.1357631023531903e-01 4.5934298026387022e-01
    -6.3420705131507162e+01 -1.4292378310072252e+02
    4.4237806713334851e+02 1.4996193578049588e-01
    -1.1281150960418407e-01 4.5293513918146655e-01
    -6.4064295793882778e+01 -1.3775768732514615e+02
    4.5631660292605403e+02 1.2059439074792005e-01
    -1.2314862208579507e+00 4.9599278008907392e-02
    -4.6810609192783325e+01 -8.7513651851503866e+01
    3.8299889950769500e+02 1.1482005659233363e-01
    -1.1876958245345093e+00 5.4737682530351210e-02
    -4.8395985785449220e+01 -8.6558965508866720e+01
    3.8111427564583323e+02 1.2537721266021207e-01
    -1.0925297563868075e+00 7.5685718798982879e-02
    -5.6313614477999224e+01 -8.5290182573939859e+01
    3.8429218002362819e+02 -1.4912277531901252e-01
    -4.7328007752020379e-01 7.2503667964663801e-02
    -4.4434698402829440e+01 -7.8116302241947025e+01
    3.0906178441295731e+02 -2.1662690697443400e-02
    -4.9882849013638214e-01 1.0021053964092788e-01
    -7.6973771661861832e+01 -7.5298816605935301e+01
    3.7747407960014209e+02 -1.0631712423279699e-03
    -5.2693740420855284e-01 1.0361111062051702e-01
    -1.0293036029628823e+02 -7.0467084433651195e+01
    4.3044600078166263e+02 -2.8052036139815613e-02
    -5.5858876735288010e-01 9.5349441034413396e-02
    -1.1506304959868625e+02 -6.4515418733822102e+01
    4.4762034982443788e+02 -4.9758647030132275e-02
    -5.5695646687512546e-01 8.2562192970006373e-02
    -1.1897214164475969e+02 -6.5225457646479867e+01
    4.5483758222268722e+02</data></extrinsic_parameters>
