<?xml version="1.0"?>
<opencv_storage>
<calibration_time>"Tue Nov  7 18:26:33 2017"</calibration_time>
<nr_of_frames>25</nr_of_frames>
<image_width>640</image_width>
<image_height>480</image_height>
<board_width>6</board_width>
<board_height>7</board_height>
<square_size>30.</square_size>
<fix_aspect_ratio>1.</fix_aspect_ratio>
<!-- flags: +fix_aspectRatio +fix_principal_point +zero_tangent_dist +fix_k4 +fix_k5 -->
<flags>6158</flags>
<fisheye_model>0</fisheye_model>
<camera_matrix type_id="opencv-matrix">
  <rows>3</rows>
  <cols>3</cols>
  <dt>d</dt>
  <data>
    4.8091265902142925e+02 0. 320. 0. 4.8091265902142925e+02 240. 0. 0.
    1.</data></camera_matrix>
<distortion_coefficients type_id="opencv-matrix">
  <rows>5</rows>
  <cols>1</cols>
  <dt>d</dt>
  <data>
    -3.4360625497175523e-01 5.0658256805681791e-02 0. 0.
    7.4856567655055453e-02</data></distortion_coefficients>
<avg_reprojection_error>1.2217373290796780e+00</avg_reprojection_error>
<per_view_reprojection_errors type_id="opencv-matrix">
  <rows>25</rows>
  <cols>1</cols>
  <dt>f</dt>
  <data>
    1.19116807e+00 8.59391212e-01 6.76513433e-01 5.82744479e-01
    5.46786845e-01 4.97175664e-01 5.31926572e-01 1.59746003e+00
    8.59771729e-01 1.59557652e+00 1.44234776e+00 2.35472727e+00
    1.84754097e+00 1.34855282e+00 1.24403262e+00 1.29911125e+00
    1.45833337e+00 1.37393081e+00 1.31735480e+00 1.03328478e+00
    9.52054799e-01 8.14572334e-01 1.13531017e+00 1.02936637e+00
    9.31074202e-01</data></per_view_reprojection_errors>
<!-- a set of 6-tuples (rotation vector + translation vector) for each view -->
<extrinsic_parameters type_id="opencv-matrix">
  <rows>25</rows>
  <cols>6</cols>
  <dt>d</dt>
  <data>
    -1.3864743852935865e-01 -5.7165943126863084e-01
    1.2968523870233319e+00 9.2114630937595727e+00
    -1.0071638916657436e+02 3.4195431267768095e+02
    -2.2923497716523666e-01 -5.0416566346723990e-01
    1.3015351144468004e+00 1.8781488789241143e+00
    -9.0947828542198550e+01 3.5347232615433052e+02
    -3.1287232851810287e-01 -5.5125952650334087e-01
    1.3342527861297855e+00 2.8263523874810983e+00
    -8.9703581010637848e+01 3.4914258792291866e+02
    -3.8832750684898409e-01 -7.0571415377369229e-01
    1.3321923010550489e+00 1.3672266666932360e+01
    -8.1552396804481418e+01 3.4975569099869773e+02
    -4.6477614237211284e-01 -7.6269950592743518e-01
    1.3278120441805892e+00 1.3340784056299256e+01
    -8.2042552007584277e+01 3.4848368005346799e+02
    -4.9577108594680819e-01 -8.1797162939170431e-01
    1.3362704861569239e+00 9.7767445196264759e+00
    -8.1256377516137817e+01 3.4535322897585513e+02
    -5.0788424578517011e-01 -8.5393600596186869e-01
    1.3472599315435239e+00 6.8723899726694997e+00
    -8.2736475498794107e+01 3.4587856031689307e+02
    -1.5640020141604050e-01 -3.2636638407741614e-01
    1.3448159341219434e+00 6.0732231879823857e+01
    -6.3268615965635917e+01 2.8832448585761028e+02
    -1.4022665767511611e-01 -3.8968682850707881e-01
    1.3928711519790096e+00 2.1606096103977301e+01
    -3.3103144435349016e+01 2.9031825112513224e+02
    2.3085394687215016e-01 6.3119548189591201e-02 1.4307583609480334e+00
    8.0152096634793836e+01 -4.4202160252098025e+01
    2.2121066842042148e+02 3.0651130476137423e-01 1.8983365275335276e-01
    1.3852890001679390e+00 1.0167755322340811e+02
    -4.3541680714655620e+01 2.1900940910836567e+02
    -1.1141532119080316e-01 -5.8827568148066278e-01
    -1.7146684370808891e+00 -1.0221512767906351e+02
    1.2614310793132172e+02 2.3779230307932443e+02
    -4.9165632554936639e-01 2.7613519141928528e-02
    1.3568046198887884e+00 3.8766720257729339e+01
    -3.3368139305734836e+01 3.4499256634693751e+02
    -4.4970850851034960e-01 -1.4203018258164080e-02
    1.3371993339853487e+00 2.7482920146016333e+01
    -4.7960049575242500e+01 3.8476737105432215e+02
    -5.1243369429332453e-01 6.4782656126455507e-02
    1.3281223874535382e+00 3.0458529130287957e+01
    -4.6846379823172846e+01 3.9319747370360210e+02
    -6.0328071408580763e-01 1.4596236442434787e-01
    1.2963653411661393e+00 4.0426345040769128e+01
    -4.7893240426458824e+01 3.9307823711110319e+02
    -7.0527635899824581e-01 2.4917719057223195e-01
    1.2510902787295992e+00 6.9042919739655929e+01
    -4.9681349724697917e+01 3.7159431012366929e+02
    -6.4862731523573769e-01 1.8061580564958185e-01
    1.2903185377944797e+00 6.7655749468023970e+01
    -5.3484817372072641e+01 3.5778594810068557e+02
    -3.9828082997719155e-01 -2.5647598121305926e-01
    1.3950093795719380e+00 5.9973593420102816e+01
    -4.7542484258188864e+01 3.1493771103393635e+02
    -1.8487603231525565e-01 -3.4402752426006017e-01
    1.3841632082518340e+00 5.7973539937155131e+01
    -3.8498298958679264e+01 3.0790854759056322e+02
    -8.4315250294480157e-02 -3.4983668064564855e-01
    1.3796808746621025e+00 5.9508457268335782e+01
    -3.8563938868706408e+01 3.0467108202045767e+02
    -9.8107886393789135e-03 -4.0991615745187426e-01
    1.3783185660152555e+00 5.6096565335026256e+01
    -3.6311134808850994e+01 3.0191502999059810e+02
    1.8039918525968265e-01 -7.4453355294515688e-01
    1.3441049291167020e+00 6.3481518935886633e+01 5.6517286070278345e+00
    2.7896844175411684e+02 2.1437245518016507e-01
    -7.4955348066719885e-01 1.3514212062442823e+00
    6.6130885151671208e+01 9.5786498808506746e+00 2.9659130039057300e+02
    2.0981865743993364e-01 -7.6409932400889513e-01
    1.3578539008562662e+00 5.8405697389905356e+01 2.5271871179063954e+01
    3.1570792701160440e+02</data></extrinsic_parameters>
